1349740991.0
1349740991.0
1349740998.0
1349740998.0
1349740999.0
1349740999.0
1349741000.0
1349741000.0
1349741002.0
1349741050.0
1349741079.0
1349741000.0
1349741086.0
1349741086.0
1349741087.0
1349741087.0
1349827406.0
1349741088.0
1349741088.0
1349741089.0
1349741142.0
1349799902.0
1349799905.0
1349799908.0
1349800289.0
1349827404.0
1349800291.0
1349800293.0
1349800332.0
1349800335.0
1349800386.0
1349800388.0
1349800390.0
1349800417.0
1349800419.0
1349800421.0
1349800423.0
1349800495.0
1349800522.0
1349800525.0
1349800527.0
1349800529.0
1349800531.0
1349800565.0
1349800573.0
1349800587.0
1349800590.0
1349800592.0
1349800631.0
1349800634.0
1349800660.0
1349800663.0
1349827404.0
1349800678.0
1349800680.0
1349800689.0
1349800745.0
1349800748.0
1349800751.0
1349800765.0
1349800767.0
1349800809.0
1349800827.0
1349800835.0
1349800891.0
1349800893.0
1349800942.0
1349827404.0
1349827404.0
1349800959.0
1349801000.0
1349801034.0
1349801038.0
1349801284.0
1349801286.0
1349801288.0
1349801290.0
1349801540.0
1349801543.0
1349801586.0
1349801586.0
1349802011.0
1349802011.0
1349802081.0
1349802357.0
1349802084.0
1349802120.0
1349802131.0
1349802145.0
1349802145.0
1349802326.0
1349802329.0
1349802354.0
1349827404.0
1349802360.0
1349802544.0
1349802547.0
1349802581.0
1349802584.0
1349827404.0
1349827404.0
1349827404.0
1349827404.0
1349827404.0
1349827404.0
1349827404.0
1349827404.0
1349827404.0
1349827404.0
1349827404.0
1349827404.0
1349827404.0
1349827404.0
1349827404.0
1349827404.0
1349827405.0
1349827405.0
1349827405.0
1349827405.0
1349827405.0
1349827405.0
1349827405.0
1349827405.0
1349827405.0
1349827405.0
1349827405.0
1349827405.0
1349827405.0
1349827405.0
1349827405.0
1349827405.0
1349827405.0
1349827405.0
1349827405.0
1349827405.0
1349827405.0
1349827405.0
1349827406.0
1349827406.0
1349827406.0
1349827406.0
1349827406.0
1349827406.0
1349827406.0
1349827406.0
1349827406.0
1349827406.0
1349827406.0
1349827406.0
1349827406.0
1349827406.0
1349827406.0
1349827406.0
1349827406.0
1349827406.0
1349827406.0
1349827406.0
1349827407.0
1349895439.0
1349895441.0
1349895443.0
1349895484.0
1349895491.0
1349895491.0
1349895528.0
1349895540.0
1349895544.0
1349895692.0
1349895543.0
1349895545.0
1349895592.0
1349895590.0
1349895626.0
1349895639.0
1349895644.0
1349895649.0
1349895685.0
1349895693.0
1350029056.0
1350029086.0
1350029090.0
1349716165.0
1349716188.0
1349716283.0
1349716567.0
1349716629.0
1349716710.0
1349717240.0
1349717543.0
1349719227.0
1349721560.0
1349721591.0
1349721639.0
1349726813.0
1349726998.0
1349727143.0
1349727228.0
1349727288.0
1349727575.0
1349727830.0
1349730382.0
1349730458.0
1349730709.0
1349730866.0
1349731170.0
1349733252.0
1349733330.0
1349733440.0
1349733947.0
1349734203.0
1349742122.0
1349746098.0
1349746134.0
1349746737.0
1349747424.0
1349747559.0
1349748107.0
1349752973.0
1349761808.0
1349762031.0
1349762037.0
1349764811.0
1349764938.0
1349765150.0
1349771947.0
1349773366.0
1349773937.0
1349774199.0
1349774929.0
1349775421.0
1349775517.0
1349776642.0
1349776767.0
1349777448.0
1349777956.0
1349777961.0
1349778346.0
1349779230.0
1349780857.0
1349781147.0
1349782394.0
1349782712.0
1349783172.0
1349783472.0
1349785014.0
1349786492.0
1349787001.0
1349787558.0
1349788174.0
1349788485.0
1349788550.0
1349788744.0
1349788816.0
1349788873.0
1349789068.0
1349789118.0
1349789359.0
1349789533.0
1349790342.0
1349790997.0
1349791011.0
1349791375.0
1349791503.0
1349791580.0
1349791646.0
1349791823.0
1349791995.0
1349792605.0
1349792957.0
1349793047.0
1349793095.0
1349793434.0
1349794807.0
1349795161.0
1349795207.0
1349795259.0
1349795328.0
1349795353.0
1349795390.0
1349795551.0
1349795863.0
1349795967.0
1349796264.0
1349796308.0
1349796786.0
1349797145.0
1349797257.0
1349797457.0
1349797484.0
1349797539.0
1349797542.0
1349797657.0
1349797982.0
1349798012.0
1349798046.0
1349798208.0
1349798233.0
1349798325.0
1349798382.0
1349798513.0
1349798517.0
1349799277.0
1349799331.0
1349799500.0
1349799580.0
1349799673.0
1349800911.0
1349800958.0
1349801531.0
1349801713.0
1349801813.0
1349802129.0
1349802341.0
1349802460.0
1349802522.0
1349802640.0
1349802915.0
1349803165.0
1349803165.0
1349803527.0
1349803760.0
1349803802.0
1349805996.0
1349806012.0
1349806838.0
1349806878.0
1349806949.0
1349807293.0
1349807429.0
1349807624.0
1349808089.0
1349808219.0
1349808856.0
1349808946.0
1349808959.0
1349808993.0
1349809522.0
1349810694.0
1349810720.0
1349810786.0
1349811062.0
1349811317.0
1349811537.0
1349811628.0
1349811660.0
1349811681.0
1349811762.0
1349811834.0
1349811988.0
1349812029.0
1349812037.0
1349812063.0
1349812132.0
1349812153.0
1349812172.0
1349812192.0
1349812212.0
1349812306.0
1349812432.0
1349813455.0
1349813589.0
1349814174.0
1349814237.0
1349814890.0
1349815511.0
1349815751.0
1349815937.0
1349816231.0
1349818269.0
1349818350.0
1349818371.0
1349818389.0
1349819171.0
1349819231.0
1349819298.0
1349820179.0
1349820838.0
1349820849.0
1349820856.0
1349821024.0
1349824640.0
1349824656.0
1349825443.0
1349829394.0
1349829415.0
1349829534.0
1349829642.0
1349832223.0
1349832406.0
1349832570.0
1349833128.0
1349834613.0
1349834689.0
1349837164.0
1349841012.0
1349841110.0
1349842616.0
1349842768.0
1349843722.0
1349847217.0
1349847640.0
1349847935.0
1349848182.0
1349848210.0
1349848468.0
1349848476.0
1349850432.0
1349851582.0
1349854076.0
1349854192.0
1349854426.0
1349854659.0
1349854720.0
1349857272.0
1349857365.0
1349857410.0
1349857473.0
1349857601.0
1349858146.0
1349858304.0
1349859119.0
1349859521.0
1349859711.0
1349859816.0
1349859834.0
1349859917.0
1349860937.0
1349861890.0
1349861955.0
1349866477.0
1349866840.0
1349867083.0
1349869625.0
1349870332.0
1349871399.0
1349871426.0
1349871661.0
1349871661.0
1349871815.0
1349871857.0
1349871934.0
1349871955.0
1349871996.0
1349872096.0
1349872222.0
1349872405.0
1349872514.0
1349872814.0
1349873772.0
1349873883.0
1349874001.0
1349874044.0
1349874362.0
1349875383.0
1349875606.0
1349876091.0
1349876130.0
1349877153.0
1349888484.0
1349878252.0
1349878345.0
1349879686.0
1349881056.0
1349881097.0
1349881179.0
1349881940.0
1349882225.0
1349882244.0
1349883286.0
1349883637.0
1349886000.0
1349886194.0
1349886284.0
1349886425.0
1349886568.0
1349886925.0
1349887039.0
1349887144.0
1349887222.0
1349887771.0
1349887786.0
1349887818.0
1349888416.0
1349888648.0
1349888713.0
1349888716.0
1349888784.0
1349888995.0
1349890002.0
1349890294.0
1349890424.0
1349890857.0
1349891241.0
1349891348.0
1349891587.0
1349891711.0
1349891796.0
1349891914.0
1349892160.0
1349892305.0
1349892736.0
1349892972.0
1349893040.0
1349893063.0
1349894110.0
1349895261.0
1349895399.0
1349895452.0
1349895494.0
1349895653.0
1349896170.0
1349896276.0
1349896303.0
1349897004.0
1349897258.0
1349897328.0
1349897357.0
1349897403.0
1349897922.0
1349898963.0
1349899000.0
1349899012.0
1349899025.0
1349899099.0
1349899154.0
1349899396.0
1349899923.0
1349899959.0
1349903947.0
1349904052.0
1349904394.0
1349905011.0
1349905283.0
1349905404.0
1349905475.0
1349905609.0
1349905898.0
1349905933.0
1349905955.0
1349905975.0
1349906008.0
1349908053.0
1349908395.0
1349908626.0
1349979764.0
1349908634.0
1349909093.0
1349909126.0
1349910185.0
1349910255.0
1349910312.0
1349918880.0
1349919154.0
1349919177.0
1349920645.0
1349920775.0
1349920812.0
1349922722.0
1349922881.0
1349923982.0
1349924099.0
1349924600.0
1349927046.0
1349927346.0
1349927508.0
1349933111.0
1349934614.0
1349934840.0
1349934848.0
1349936764.0
1349939473.0
1349940015.0
1349940084.0
1349940823.0
1349940908.0
1349940911.0
1349940944.0
1349940986.0
1349940999.0
1349941006.0
1349941040.0
1349941048.0
1349941747.0
1349941946.0
1349944183.0
1349945557.0
1349945687.0
1349945692.0
1349945887.0
1349945927.0
1349946350.0
1349947082.0
1349947255.0
1349948480.0
1349948535.0
1349948644.0
1349948655.0
1349948731.0
1349949024.0
1349949031.0
1349949220.0
1349950126.0
1349950719.0
1349951314.0
1349951862.0
1349952111.0
1349952620.0
1349953298.0
1349954365.0
1349954780.0
1349954826.0
1349955140.0
1349955437.0
1349956004.0
1349956257.0
1349956719.0
1349957488.0
1349958523.0
1349958644.0
1349958961.0
1349959127.0
1349959251.0
1349959257.0
1349959328.0
1349959504.0
1349959688.0
1349959717.0
1349959841.0
1349960050.0
1349960287.0
1349960716.0
1349961240.0
1349961291.0
1349961354.0
1349961485.0
1349961501.0
1349961801.0
1349961834.0
1349962682.0
1349962741.0
1349962816.0
1349963482.0
1349963513.0
1349963791.0
1349964395.0
1349964545.0
1349964810.0
1349964830.0
1349964922.0
1349964924.0
1349964996.0
1349965230.0
1349965249.0
1349965430.0
1349965430.0
1349965532.0
1349965630.0
1349965721.0
1349965782.0
1349965782.0
1349965841.0
1349965974.0
1349965986.0
1349966130.0
1349966199.0
1349967219.0
1349967343.0
1349967453.0
1349967560.0
1349967601.0
1349967682.0
1349967686.0
1349967746.0
1349967851.0
1349967854.0
1349967986.0
1349968053.0
1349968093.0
1349968194.0
1349968205.0
1349968400.0
1349968430.0
1349968470.0
1349968538.0
1349968654.0
1349968746.0
1349968771.0
1349968965.0
1349969005.0
1349969126.0
1349969137.0
1349969320.0
1349969320.0
1349969424.0
1349969515.0
1349969537.0
1349969610.0
1349969964.0
1349971337.0
1349971768.0
1349972097.0
1349973041.0
1349974103.0
1349976322.0
1349977531.0
1349977544.0
1349979233.0
1349979403.0
1349979491.0
1349979704.0
1349979741.0
1349980281.0
1349980334.0
1349980334.0
1349980426.0
1349980694.0
1349981034.0
1349981264.0
1349981586.0
1349982845.0
1349983005.0
1349983584.0
1349983851.0
1349984174.0
1349984597.0
1349984642.0
1349985157.0
1349986252.0
1349987061.0
1349987171.0
1349987185.0
1349987272.0
1349989914.0
1349991532.0
1349992015.0
1349993753.0
1349994007.0
1349994309.0
1349995579.0
1349996364.0
1349996731.0
1349996980.0
1349996986.0
1349997405.0
1349997980.0
1349998240.0
1349999296.0
1349999444.0
1350000164.0
1350000557.0
1350001181.0
1350001341.0
1350002083.0
1350002875.0
1350003179.0
1350004052.0
1350005396.0
1350005637.0
1350006038.0
1350006783.0
1350007378.0
1350007650.0
1350007996.0
1350008049.0
1350008771.0
1350008809.0
1350009103.0
1350009238.0
1350009540.0
1350009815.0
1350009920.0
1350010002.0
1350010717.0
1350010717.0
1350010900.0
1350010900.0
1350011021.0
1350011021.0
1350011367.0
1350011654.0
1350011755.0
1350012228.0
1350012274.0
1350013741.0
1350014119.0
1350015347.0
1350016946.0
1350017463.0
1350017595.0
1350017856.0
1350018077.0
1350021007.0
1350021224.0
1350021229.0
1350024835.0
1350028341.0
1350028564.0
1350029112.0
1350029364.0
1350030295.0
1350032096.0
1350032153.0
1350032197.0
1350033657.0
1350034078.0
1350037837.0
1350038553.0
1350038616.0
1350039965.0
1350040024.0
1350041019.0
1350041329.0
1350041451.0
1350041707.0
1350041866.0
1350042796.0
1350043536.0
1350044808.0
1350044841.0
1350045006.0
1350045809.0
1350045810.0
1350045885.0
1350046112.0
1350046781.0
1350047197.0
1350047416.0
1350047871.0
1350048435.0
1350048755.0
1350049145.0
1350049305.0
1350049538.0
1350049970.0
1350050024.0
1350050050.0
1350050092.0
1350050273.0
1350050296.0
1350050468.0
1350050476.0
1350051070.0
1350051171.0
1350051341.0
1350051488.0
1350051593.0
1350051697.0
1350051802.0
1350051959.0
1350052077.0
1350052215.0
1350052279.0
1350052408.0
1350052761.0
1350052821.0
1350052925.0
1350052967.0
1350053156.0
1350053417.0
1350053455.0
1350054066.0
1350054236.0
1350054503.0
1350055339.0
1350055636.0
1350055810.0
1350056140.0
1350056382.0
1350056837.0
1350057034.0
1350057088.0
1350057264.0
1350057372.0
1350057390.0
1350057528.0
1350057687.0
1350057739.0
1350058092.0
1350058289.0
1350058537.0
1350058679.0
1350058794.0
1350059010.0
1350059133.0
1350059265.0
1350059721.0
1350060367.0
1350060392.0
1350060581.0
1350060675.0
1350060822.0
1350060935.0
1350061229.0
1350061342.0
1350061453.0
1350061495.0
1350061525.0
1350061653.0
1350061970.0
1350062177.0
1350062589.0
1350066317.0
1350066410.0
1350066421.0
1350066770.0
1350071306.0
1350071358.0
1350071506.0
1350071585.0
1350071655.0
1350072001.0
1350076728.0
1350076760.0
1350078854.0
1350080595.0
1350086134.0
1350086358.0
1350086556.0
1350089525.0
1350092279.0
1350096735.0
1349770512.0
1349770735.0
1349774131.0
1349774695.0
1349783219.0
1349784623.0
1349785519.0
1349788201.0
1349788602.0
1349788603.0
1349788834.0
1349788884.0
1349789302.0
1349789303.0
1349856910.0
1349857131.0
1349860527.0
1349861099.0
1349869456.0
1349870797.0
1349873674.0
1349873913.0
1349873978.0
1349874498.0
1349874499.0
1349877119.0
1349878189.0
1349878189.0
1349943309.0
1349943529.0
1349946931.0
1349947860.0
1349955556.0
1349957484.0
1349958750.0
1349961477.0
1349961896.0
1349961896.0
1349964568.0
1349964640.0
1349964917.0
1349964918.0
1350029710.0
1350029925.0
1350033325.0
1350033871.0
1350041495.0
1350043292.0
1350045348.0
1350045569.0
1350045618.0
1350045872.0
1350045873.0
1350048083.0
1350048550.0
1350048551.0
1349716023.0
1349716270.0
1349716647.0
1349740159.0
1349785187.0
1349808000.0
1349808022.0
1349808033.0
1349808200.0
1349808216.0
1349808223.0
1349808356.0
1349809101.0
1349809124.0
1349809159.0
1349809283.0
1349809863.0
1349810122.0
1349810135.0
1349810155.0
1349810166.0
1349810172.0
1349810200.0
1349810204.0
1349810253.0
1349810260.0
1349810264.0
1349811453.0
1349811463.0
1349811604.0
1349828978.0
1349829780.0
1349831050.0
1349831084.0
1349831308.0
1349831363.0
1349831581.0
1349831751.0
1349831764.0
1349831938.0
1349831956.0
1349832016.0
1349832028.0
1349832144.0
1349832155.0
1349832194.0
1349832263.0
1349832713.0
1349832760.0
1349832771.0
1349832829.0
1349834722.0
1349834951.0
1349834977.0
1349834986.0
1349834993.0
1349835113.0
1349836183.0
1349836299.0
1349836360.0
1349836400.0
1349836485.0
1349836587.0
1349836639.0
1349836640.0
1349836644.0
1349836647.0
1349836688.0
1349837027.0
1349838105.0
1349838213.0
1349838231.0
1349838373.0
1349838452.0
1349838471.0
1349838529.0
1349971309.0
1349987514.0
1349716017.0
1349716022.0
1349716025.0
1349716025.0
1349716079.0
1349716096.0
1349716167.0
1349716188.0
1349716270.0
1349716283.0
1349716445.0
1349716569.0
1349716631.0
1349716643.0
1349716647.0
1349716679.0
1349716710.0
1349716752.0
1349716792.0
1349716847.0
1349717019.0
1349717147.0
1349717155.0
1349717240.0
1349717261.0
1349717924.0
1349718034.0
1349718539.0
1349718610.0
1349718621.0
1349718629.0
1349724196.0
1349718633.0
1349718633.0
1349718854.0
1349718921.0
1349719188.0
1349719205.0
1349719214.0
1349719217.0
1349719310.0
1349719358.0
1349719372.0
1349719438.0
1349719709.0
1349721396.0
1349721434.0
1349721487.0
1349721968.0
1349722003.0
1349722052.0
1349724201.0
1349722069.0
1349722079.0
1349722297.0
1349722369.0
1349722418.0
1349953274.0
1349722737.0
1349722867.0
1349722935.0
1349723123.0
1349723142.0
1349723696.0
1349724181.0
1349957569.0
1349724206.0
1349724494.0
1349725192.0
1349726555.0
1349727110.0
1349727210.0
1349727219.0
1349727230.0
1349727368.0
1349727373.0
1349728279.0
1349728462.0
1349729381.0
1349730933.0
1349730934.0
1349730937.0
1349730937.0
1349730940.0
1349730943.0
1349730944.0
1349730947.0
1349730947.0
1349730951.0
1349964552.0
1349994263.0
1349730951.0
1349730955.0
1349730955.0
1349730956.0
1349730959.0
1349730988.0
1349730959.0
1349730963.0
1349730966.0
1349730969.0
1349730972.0
1349736358.0
1349966826.0
1349730978.0
1349730978.0
1349730979.0
1349730982.0
1349730982.0
1349730985.0
1349730991.0
1349730994.0
1349730995.0
1349730998.0
1349731001.0
1349731004.0
1349966835.0
1349731008.0
1349731019.0
1349731020.0
1349731020.0
1349731023.0
1349966842.0
1349966861.0
1349731027.0
1349731027.0
1349731031.0
1349731382.0
1349731542.0
1349994480.0
1349731836.0
1349732720.0
1349732843.0
1349732843.0
1349733603.0
1349733858.0
1349734022.0
1349734031.0
1349734233.0
1349734299.0
1349736075.0
1349736104.0
1349736160.0
1349738019.0
1349739179.0
1349739196.0
1349739418.0
1349739509.0
1349740163.0
1349740167.0
1350009521.0
1349740170.0
1349740173.0
1349740176.0
1349740179.0
1349740182.0
1349740185.0
1349740188.0
1349740192.0
1349740195.0
1349740198.0
1349740202.0
1349845172.0
1349740205.0
1349740208.0
1349740214.0
1349740217.0
1349740246.0
1349740231.0
1349740234.0
1349740237.0
1349740240.0
1349740243.0
1349740249.0
1349740252.0
1349740255.0
1349740259.0
1349740262.0
1349740265.0
1349742492.0
1349856142.0
1349740268.0
1349740271.0
1349740275.0
1349740278.0
1349740281.0
1349740522.0
1349740624.0
1349741019.0
1349741021.0
1349741024.0
1349741026.0
1349741028.0
1349741031.0
1349741748.0
1349742150.0
1349742487.0
1349742489.0
1349742499.0
1349742500.0
1349742500.0
1349742501.0
1349742501.0
1349742502.0
1349742502.0
1349742503.0
1349742503.0
1349742504.0
1349742504.0
1349742504.0
1349742505.0
1349742505.0
1349742506.0
1349742506.0
1349742507.0
1349742507.0
1349742508.0
1349742508.0
1349742509.0
1349742509.0
1349742509.0
1349742510.0
1349742511.0
1349742511.0
1349742512.0
1349742512.0
1349742513.0
1349742513.0
1349742514.0
1349742514.0
1349742515.0
1349742515.0
1349742516.0
1349762550.0
1349742516.0
1349742517.0
1349742517.0
1349742518.0
1349742518.0
1349742519.0
1349742519.0
1349742520.0
1349742520.0
1349742521.0
1349780710.0
1349742521.0
1349742522.0
1349742522.0
1349742522.0
1349742523.0
1349783358.0
1349742523.0
1349742524.0
1349742524.0
1349742525.0
1349742525.0
1349742526.0
1349742526.0
1349742527.0
1349742527.0
1349742528.0
1349792778.0
1349742528.0
1349742529.0
1349742879.0
1349744816.0
1349744831.0
1349747085.0
1349747106.0
1349751075.0
1349751299.0
1349751364.0
1349751414.0
1349753362.0
1349798587.0
1349753434.0
1349755908.0
1349758373.0
1349760542.0
1349761387.0
1349761398.0
1349762674.0
1349762684.0
1349764744.0
1349764902.0
1349765050.0
1349766441.0
1349767028.0
1349768880.0
1349769890.0
1349769895.0
1349769898.0
1349769900.0
1349770312.0
1349770324.0
1349772183.0
1349772203.0
1349772212.0
1349772856.0
1349772891.0
1349773060.0
1349773232.0
1349773264.0
1349773370.0
1349773373.0
1349773951.0
1349774049.0
1349774274.0
1349774477.0
1349775593.0
1349775949.0
1349776046.0
1349776390.0
1349777784.0
1349777789.0
1349777793.0
1349777854.0
1349778251.0
1349778254.0
1349778260.0
1349778292.0
1349778319.0
1349778476.0
1349778579.0
1349778785.0
1349778976.0
1349778990.0
1349779010.0
1349780390.0
1349780395.0
1349780398.0
1349780605.0
1349780611.0
1349780662.0
1349780772.0
1349780830.0
1349780897.0
1349780901.0
1349781531.0
1349781960.0
1349785450.0
1349786057.0
1349786138.0
1349786199.0
1349786225.0
1349786282.0
1349786920.0
1349787893.0
1349787893.0
1349788020.0
1349788444.0
1349788498.0
1349788994.0
1349791643.0
1349791848.0
1349791878.0
1349791971.0
1349792267.0
1349792572.0
1349812548.0
1349792712.0
1349792718.0
1349792742.0
1349792742.0
1349792768.0
1349792773.0
1349816824.0
1349816830.0
1349792886.0
1349792891.0
1349792896.0
1349792901.0
1349792917.0
1349793034.0
1349794144.0
1349794930.0
1349795313.0
1349797347.0
1349797561.0
1349797812.0
1349798820.0
1349799208.0
1349799404.0
1349799432.0
1349800413.0
1349800823.0
1349800929.0
1349800954.0
1349800964.0
1349801019.0
1349801239.0
1349802575.0
1349803603.0
1349803610.0
1349803612.0
1349803636.0
1349804078.0
1349804154.0
1349805634.0
1349805842.0
1349806586.0
1349807455.0
1349827823.0
1349807457.0
1349807523.0
1349807534.0
1349807541.0
1349807543.0
1349807550.0
1349807559.0
1349807561.0
1349808276.0
1349808844.0
1349809068.0
1349809394.0
1349809411.0
1349809537.0
1349809558.0
1349809769.0
1349810284.0
1349810309.0
1349810374.0
1349810391.0
1349810414.0
1349810415.0
1349810474.0
1349810479.0
1349810497.0
1349810501.0
1349810641.0
1349810979.0
1349811082.0
1349811112.0
1349812146.0
1349812152.0
1349812511.0
1349812514.0
1349812517.0
1349812517.0
1349812518.0
1349812521.0
1349812524.0
1349812527.0
1349812528.0
1349812531.0
1349812532.0
1349821727.0
1349812532.0
1349812535.0
1349812538.0
1349812539.0
1349812542.0
1349812545.0
1349812549.0
1349812552.0
1349812682.0
1349813255.0
1349813324.0
1349813509.0
1349813529.0
1349814200.0
1349814662.0
1349815787.0
1349816054.0
1349816345.0
1349816433.0
1349816820.0
1349817005.0
1349817016.0
1349817021.0
1349817219.0
1349817605.0
1349817721.0
1349817783.0
1349817996.0
1349818267.0
1349818422.0
1349818617.0
1349818669.0
1349819573.0
1349819820.0
1349819836.0
1349820396.0
1349820641.0
1349820755.0
1349820953.0
1349821014.0
1349825090.0
1349825099.0
1349825111.0
1349825122.0
1349827681.0
1349825617.0
1349825634.0
1349825649.0
1349825904.0
1349827680.0
1349827685.0
1349827688.0
1349827690.0
1349827694.0
1349827697.0
1349827698.0
1349827701.0
1349827701.0
1349827704.0
1349827708.0
1349827708.0
1349827711.0
1349827720.0
1349827721.0
1349827724.0
1349827727.0
1349827797.0
1349827727.0
1349827728.0
1349827728.0
1349827731.0
1349827735.0
1349827738.0
1349827739.0
1349827742.0
1349827743.0
1349827744.0
1349827747.0
1349827748.0
1349827751.0
1349827752.0
1349827755.0
1349827758.0
1349827759.0
1349827762.0
1349827765.0
1349827800.0
1349827768.0
1349827771.0
1349827774.0
1349827775.0
1349827778.0
1349827781.0
1349827784.0
1349827788.0
1349827791.0
1349827794.0
1349827800.0
1349827804.0
1349827807.0
1349827807.0
1349827808.0
1349827808.0
1349827811.0
1349827815.0
1349827819.0
1349827819.0
1349827823.0
1349827827.0
1349827830.0
1349827831.0
1349827834.0
1349827835.0
1349828789.0
1349827838.0
1349827841.0
1349827842.0
1349827843.0
1349827843.0
1349827844.0
1349828793.0
1349828798.0
1349829176.0
1349829263.0
1349831051.0
1349831553.0
1349841527.0
1349842090.0
1349831819.0
1349832185.0
1349834794.0
1349835356.0
1349836417.0
1349837133.0
1349837151.0
1349837198.0
1349837259.0
1349837860.0
1349838292.0
1349838353.0
1349838376.0
1349838388.0
1349838408.0
1349838421.0
1349838433.0
1349838596.0
1349838624.0
1349844142.0
1349844265.0
1349844308.0
1349844410.0
1349844416.0
1349844421.0
1349845117.0
1349845120.0
1349845123.0
1349845126.0
1349845130.0
1349845133.0
1349845136.0
1349845142.0
1349845146.0
1349845149.0
1349845169.0
1349845152.0
1349845155.0
1349845158.0
1349845162.0
1349845165.0
1349845175.0
1349845178.0
1349845181.0
1349845184.0
1349845187.0
1349845191.0
1349845195.0
1349845198.0
1349845205.0
1349845212.0
1349845216.0
1349845220.0
1349845569.0
1349846119.0
1349846138.0
1349846138.0
1349846139.0
1349846139.0
1349846139.0
1349846140.0
1349846140.0
1349846141.0
1349846141.0
1349866885.0
1349846142.0
1349846142.0
1349846143.0
1349846144.0
1349846144.0
1349846145.0
1349846145.0
1349846146.0
1349846146.0
1349846146.0
1349881191.0
1349846147.0
1349846148.0
1349846148.0
1349846148.0
1349846149.0
1349846149.0
1349846150.0
1349846150.0
1349846151.0
1349846151.0
1349846152.0
1349881992.0
1349881996.0
1349846152.0
1349846153.0
1349846154.0
1349846154.0
1349846155.0
1349846155.0
1349846155.0
1349846156.0
1349846157.0
1349846157.0
1349846389.0
1349882000.0
1349846606.0
1349848319.0
1349850134.0
1349850805.0
1349852037.0
1349852272.0
1349882615.0
1349854667.0
1349854670.0
1349854670.0
1349855403.0
1349855559.0
1349855563.0
1349856785.0
1349857865.0
1349857871.0
1349858491.0
1349858544.0
1349858550.0
1349858566.0
1349858595.0
1349858679.0
1349858686.0
1349858694.0
1349892470.0
1349858742.0
1349858752.0
1349858757.0
1349858811.0
1349859278.0
1349859638.0
1349863632.0
1349863658.0
1349863742.0
1349863789.0
1349863865.0
1349863947.0
1349863981.0
1349864032.0
1349865164.0
1349865167.0
1349865504.0
1349865538.0
1349866852.0
1349866854.0
1349894901.0
1349866926.0
1349868474.0
1349868530.0
1349868554.0
1349868561.0
1349868656.0
1349868661.0
1349868667.0
1349868876.0
1349868888.0
1349869186.0
1349869501.0
1349944855.0
1349869876.0
1349869886.0
1349870071.0
1349870710.0
1349870745.0
1349870846.0
1349870902.0
1349945520.0
1349945766.0
1349871065.0
1349871234.0
1349871350.0
1349871479.0
1349872243.0
1349872778.0
1349872780.0
1349872814.0
1349872967.0
1349872973.0
1349872978.0
1349873047.0
1349873469.0
1349945912.0
1349873718.0
1349873732.0
1349873762.0
1349873772.0
1349873791.0
1349873973.0
1349874311.0
1349874328.0
1349874344.0
1349875011.0
1349875135.0
1349875597.0
1349875601.0
1349875606.0
1349876007.0
1349876009.0
1349876026.0
1349876168.0
1349876615.0
1349876806.0
1349876932.0
1349877048.0
1349877071.0
1349877100.0
1349877149.0
1349877166.0
1349877191.0
1349877195.0
1349877231.0
1349877454.0
1349877912.0
1349878185.0
1349878230.0
1349878233.0
1349878484.0
1349878623.0
1349878912.0
1349878997.0
1349879070.0
1349879658.0
1349880036.0
1349880041.0
1349880047.0
1349880051.0
1349880055.0
1349880179.0
1349880188.0
1349880265.0
1349880411.0
1349880874.0
1349880877.0
1349880880.0
1349880886.0
1349881099.0
1349881186.0
1349882615.0
1349883038.0
1349883106.0
1349883257.0
1349883489.0
1349883522.0
1349883639.0
1349884421.0
1349884502.0
1349884537.0
1349885006.0
1349894979.0
1349885102.0
1349885382.0
1349885428.0
1349885651.0
1349885701.0
1349886085.0
1349886442.0
1349886481.0
1349886653.0
1349888295.0
1349888376.0
1349889067.0
1349889479.0
1349889488.0
1349889500.0
1349890150.0
1349890310.0
1349890529.0
1349895056.0
1349890655.0
1349890801.0
1349890860.0
1349891397.0
1349891421.0
1349891425.0
1349893282.0
1349893444.0
1349893708.0
1349893827.0
1349893877.0
1349894300.0
1349894313.0
1349895160.0
1349895598.0
1349895914.0
1349896453.0
1349896459.0
1349896490.0
1349896666.0
1349896670.0
1349896696.0
1349896696.0
1349896811.0
1349897101.0
1349897122.0
1349897323.0
1349897332.0
1349897352.0
1349897381.0
1349897393.0
1349897525.0
1349897632.0
1349897664.0
1349897668.0
1349897673.0
1349897912.0
1349897919.0
1349897956.0
1349897968.0
1349898206.0
1349898212.0
1349898218.0
1349900534.0
1349900585.0
1349900690.0
1349900700.0
1349936446.0
1349901720.0
1349901740.0
1349901762.0
1349903738.0
1349903760.0
1349944172.0
1349903794.0
1349903844.0
1349903959.0
1349903991.0
1349905775.0
1349908533.0
1349915136.0
1349917559.0
1349919536.0
1349919768.0
1349921038.0
1349921892.0
1349924350.0
1349924498.0
1349925039.0
1349925241.0
1349925324.0
1349928040.0
1349928444.0
1349928996.0
1349929143.0
1349929441.0
1349929643.0
1349929827.0
1349930216.0
1349930812.0
1349934713.0
1349934846.0
1349934865.0
1349935537.0
1349935688.0
1349936582.0
1349936585.0
1349937386.0
1349937615.0
1349937712.0
1349938937.0
1349939276.0
1349939278.0
1349939317.0
1349939369.0
1349939380.0
1349939392.0
1349939788.0
1349940175.0
1349940546.0
1349941384.0
1349941731.0
1349942252.0
1349942516.0
1349942526.0
1349942535.0
1349942547.0
1349944086.0
1349944858.0
1349944858.0
1349945035.0
1349945203.0
1349945223.0
1349945228.0
1349945455.0
1349946105.0
1349946116.0
1349946134.0
1349946148.0
1349946157.0
1349946322.0
1349947025.0
1349947036.0
1349947047.0
1349947057.0
1349948667.0
1349948672.0
1349948677.0
1349948687.0
1349948697.0
1349949752.0
1349950028.0
1349950208.0
1349950396.0
1349951994.0
1349950413.0
1349950425.0
1349950440.0
1349950971.0
1349951967.0
1349951983.0
1349952005.0
1349953256.0
1349953255.0
1349953259.0
1349953264.0
1349953273.0
1349953273.0
1349953275.0
1349953277.0
1349953277.0
1349954305.0
1349954543.0
1349954576.0
1349954816.0
1349954827.0
1349955089.0
1349955233.0
1349957562.0
1349957566.0
1349957975.0
1349958931.0
1349958990.0
1349960114.0
1349960626.0
1349961161.0
1349961172.0
1349961183.0
1349961195.0
1349961429.0
1349961430.0
1349961541.0
1349961822.0
1349961861.0
1349962142.0
1349962142.0
1349962238.0
1349962391.0
1349962414.0
1349962481.0
1349962556.0
1349962604.0
1349963482.0
1349963485.0
1349963668.0
1349963687.0
1349963847.0
1349963901.0
1349964112.0
1349964507.0
1349964704.0
1349964732.0
1349965036.0
1349965114.0
1349965125.0
1349965133.0
1349965932.0
1349966501.0
1349966701.0
1349966862.0
1349966910.0
1349967056.0
1349967065.0
1349967085.0
1349967089.0
1349967092.0
1349967437.0
1349968323.0
1349969038.0
1349969054.0
1349969511.0
1349969873.0
1349971462.0
1349971482.0
1349971501.0
1349972827.0
1349972899.0
1349973399.0
1349973737.0
1349974691.0
1349974701.0
1349974712.0
1349974721.0
1349974859.0
1349976942.0
1349978956.0
1349979727.0
1349980567.0
1349982717.0
1349984994.0
1349985164.0
1349985195.0
1349986187.0
1349986198.0
1349987088.0
1349987142.0
1349988123.0
1349988235.0
1349989855.0
1349989943.0
1349990119.0
1349993316.0
1349990125.0
1349990132.0
1349990253.0
1349991097.0
1349992439.0
1350000045.0
1350000056.0
1350000114.0
1350000132.0
1350000168.0
1350000202.0
1350000708.0
1350001323.0
1350001670.0
1350001678.0
1350002302.0
1350004062.0
1350009440.0
1350010498.0
1350013987.0
1350014215.0
1350019759.0
1350019980.0
1350020841.0
1350021454.0
1350021461.0
1350021466.0
1350024130.0
1350025435.0
1350026097.0
1350026111.0
1350026217.0
1350026265.0
1350026872.0
1350026888.0
1350029458.0
1350029516.0
1350029956.0
1350030054.0
1350030353.0
1350030500.0
1350030978.0
1350031725.0
1350032623.0
1350033158.0
1350033529.0
1350036497.0
1350033586.0
1350033935.0
1350034365.0
1350034536.0
1350034605.0
1350034681.0
1350034861.0
1350035881.0
1350036285.0
1350036485.0
1350037066.0
1350036609.0
1350036634.0
1350036637.0
1350036795.0
1350037017.0
1350037037.0
1350037074.0
1350037150.0
1350037152.0
1350037153.0
1350037153.0
1350037158.0
1350037159.0
1350037585.0
1350038159.0
1350038209.0
1350038918.0
1350039311.0
1350039808.0
1350039858.0
1350039899.0
1350039932.0
1350040571.0
1350040584.0
1350040598.0
1350040613.0
1350040636.0
1350041814.0
1350042071.0
1350042213.0
1350042460.0
1350042596.0
1350043325.0
1350043393.0
1350044278.0
1350045089.0
1350045090.0
1350045386.0
1350045468.0
1350045501.0
1350046052.0
1350046543.0
1350046590.0
1350046614.0
1350046683.0
1350047330.0
1350047385.0
1350047391.0
1350047738.0
1350047768.0
1350048027.0
1350048122.0
1350048133.0
1350048143.0
1350048153.0
1350048446.0
1350055614.0
1350048632.0
1350048667.0
1350048673.0
1350048673.0
1350048680.0
1350048700.0
1350048716.0
1350048833.0
1350049028.0
1350049715.0
1350050114.0
1350050257.0
1350050758.0
1350054032.0
1350054614.0
1350055512.0
1350062393.0
1350055635.0
1350055680.0
1350055717.0
1350055901.0
1350056130.0
1350057134.0
1350057398.0
1350059319.0
1350060446.0
1350061208.0
1350061252.0
1350061256.0
1350061260.0
1350061491.0
1350062445.0
1350062613.0
1350065107.0
1350065114.0
1350065118.0
1350065124.0
1350065128.0
1350065131.0
1350065602.0
1350066830.0
1350068361.0
1350079628.0
1350068366.0
1350068534.0
1350068830.0
1350069263.0
1350071522.0
1350071676.0
1350072869.0
1350072873.0
1350073204.0
1350074698.0
1350077133.0
1350077389.0
1350077481.0
1350077737.0
1350079559.0
1350079896.0
1350080470.0
1350081726.0
1350082029.0
1350082047.0
1350082434.0
1350082572.0
1350083029.0
1350083032.0
1350085211.0
1350085271.0
1350085450.0
1350087146.0
1350087304.0
1350087672.0
1350088072.0
1350088394.0
1350099050.0
1350088404.0
1350089805.0
1350091037.0
1350094020.0
1350094101.0
1350101355.0
1350102778.0
1349718737.0
1349719380.0
1349795508.0
1349798156.0
1349809300.0
1349813172.0
1349816181.0
1349816477.0
1349830803.0
1349834128.0
1349877659.0
1349879407.0
1349885124.0
1349885692.0
1349888401.0
1349889478.0
1349891201.0
1349894086.0
1349896062.0
1349897341.0
1349899219.0
1349899390.0
1349902876.0
1349903796.0
1349904444.0
1349906901.0
1349971482.0
1349974808.0
1349975832.0
1349978401.0
1349981087.0
1349981446.0
1350100860.0
1349716016.0
1349716022.0
1349716025.0
1349716079.0
1349716096.0
1349716444.0
1349716642.0
1349716679.0
1349716752.0
1349716792.0
1349716847.0
1349731593.0
1349717019.0
1349717147.0
1349717155.0
1349717261.0
1349717861.0
1349718032.0
1349718093.0
1349718251.0
1349718297.0
1349718372.0
1349718484.0
1349718500.0
1349718531.0
1349718546.0
1349718817.0
1349719249.0
1349719733.0
1349719805.0
1349719894.0
1349720084.0
1349720137.0
1349720209.0
1349749248.0
1349720345.0
1349720361.0
1349720391.0
1349720618.0
1349720648.0
1349720784.0
1349720867.0
1349720878.0
1349720907.0
1349720919.0
1349779764.0
1349720935.0
1349720970.0
1349720970.0
1349721013.0
1349721182.0
1349721228.0
1349721276.0
1349721325.0
1349721640.0
1349721773.0
1349721886.0
1349721991.0
1349721991.0
1349721995.0
1349724173.0
1349724509.0
1349724509.0
1349724913.0
1349725046.0
1349725091.0
1349725561.0
1349725573.0
1349725676.0
1349725732.0
1349725737.0
1349725885.0
1349725930.0
1349727899.0
1349726115.0
1349726131.0
1349726131.0
1349726131.0
1349726202.0
1349726512.0
1349727226.0
1349727745.0
1349727799.0
1349728350.0
1349728354.0
1349728366.0
1349728477.0
1349728834.0
1349729072.0
1349729118.0
1349729244.0
1349729373.0
1349729385.0
1349729449.0
1349741525.0
1349729980.0
1349730067.0
1349730163.0
1349730208.0
1349730457.0
1349730762.0
1349730997.0
1349731413.0
1349731872.0
1349731933.0
1349732023.0
1349732944.0
1349733132.0
1349734361.0
1349734606.0
1349734708.0
1349735852.0
1349735916.0
1349740885.0
1349741120.0
1349741662.0
1349742605.0
1349743853.0
1349744066.0
1349744455.0
1349744496.0
1349747890.0
1349748278.0
1349748347.0
1349748782.0
1349779797.0
1349749972.0
1349750685.0
1349750718.0
1349750751.0
1349751773.0
1349753173.0
1349753317.0
1349753564.0
1349753989.0
1349779799.0
1349753995.0
1349755283.0
1349755441.0
1349755614.0
1349756189.0
1349756576.0
1349756697.0
1349759697.0
1349759749.0
1349759791.0
1349767364.0
1349759831.0
1349760494.0
1349761122.0
1349761165.0
1349761217.0
1349761262.0
1349761989.0
1349762649.0
1349764326.0
1349764790.0
1349767549.0
1349764868.0
1349764908.0
1349764992.0
1349765003.0
1349765016.0
1349765722.0
1349766518.0
1349766637.0
1349766976.0
1349767081.0
1349767613.0
1349767621.0
1349768307.0
1349768334.0
1349768471.0
1349768805.0
1349768878.0
1349768878.0
1349768878.0
1349770589.0
1349770630.0
1349771506.0
1349772180.0
1349772510.0
1349772532.0
1349772564.0
1349772668.0
1349772668.0
1349772817.0
1349772878.0
1349773032.0
1349779764.0
1349773131.0
1349773858.0
1349774554.0
1349774723.0
1349774723.0
1349774735.0
1349774771.0
1349775402.0
1349775509.0
1349775560.0
1349775739.0
1349776060.0
1349776212.0
1349776220.0
1349776286.0
1349776286.0
1349776286.0
1349777362.0
1349777922.0
1349777962.0
1349777980.0
1349778023.0
1349778060.0
1349778080.0
1349778104.0
1349778490.0
1349778915.0
1349778922.0
1349778930.0
1349778977.0
1349779003.0
1349779059.0
1349779189.0
1349779200.0
1349779211.0
1349779220.0
1349779230.0
1349779543.0
1349779543.0
1349779543.0
1349779593.0
1349779687.0
1349779690.0
1349779690.0
1349779690.0
1349779719.0
1349779720.0
1349779720.0
1349779720.0
1349779763.0
1349779799.0
1349779799.0
1349779806.0
1349779858.0
1349779859.0
1349779859.0
1349779859.0
1349780165.0
1349780165.0
1349780165.0
1349780167.0
1349780168.0
1349780168.0
1349780168.0
1349780216.0
1349780216.0
1349780217.0
1349780217.0
1349780217.0
1349780389.0
1349780391.0
1349780391.0
1349780391.0
1349780391.0
1349780502.0
1349780504.0
1349780504.0
1349780504.0
1349780504.0
1349781004.0
1349781004.0
1349781004.0
1349781246.0
1349781248.0
1349781248.0
1349781248.0
1349781276.0
1349781277.0
1349781277.0
1349781312.0
1349781313.0
1349781313.0
1349781313.0
1349781359.0
1349781360.0
1349781360.0
1349781360.0
1349781865.0
1349781969.0
1349782098.0
1349782122.0
1349782387.0
1349782492.0
1349782611.0
1349782719.0
1349782719.0
1349782719.0
1349783280.0
1349783706.0
1349783718.0
1349783718.0
1349783718.0
1349783923.0
1349783990.0
1349784004.0
1349784034.0
1349792905.0
1349784081.0
1349784099.0
1349784187.0
1349784209.0
1349784209.0
1349785434.0
1349785526.0
1349785709.0
1349785709.0
1349785717.0
1349785742.0
1349785742.0
1349785742.0
1349786191.0
1349786255.0
1349786290.0
1349786403.0
1349786440.0
1349786463.0
1349786491.0
1349786989.0
1349787387.0
1349787835.0
1349787835.0
1349787835.0
1349788504.0
1349788504.0
1349788890.0
1349789421.0
1349789479.0
1349789479.0
1349792905.0
1349789569.0
1349789799.0
1349789992.0
1349790344.0
1349790387.0
1349790496.0
1349790543.0
1349790923.0
1349790948.0
1349791229.0
1349791232.0
1349791300.0
1349791302.0
1349791329.0
1349791392.0
1349791508.0
1349791774.0
1349791833.0
1349791869.0
1349791907.0
1349791994.0
1349791995.0
1349792903.0
1349793041.0
1349793216.0
1349793219.0
1349793226.0
1349793397.0
1349793435.0
1349793463.0
1349793639.0
1349793639.0
1349793639.0
1349793639.0
1349793639.0
1349793867.0
1349793664.0
1349793748.0
1349793753.0
1349793831.0
1349793833.0
1349793836.0
1349793838.0
1349793839.0
1349793843.0
1349793846.0
1349793848.0
1349793858.0
1349793859.0
1349793861.0
1349793864.0
1349793865.0
1349793869.0
1349793871.0
1349793877.0
1349793879.0
1349793881.0
1349793884.0
1349793886.0
1349793887.0
1349793893.0
1349793899.0
1349793899.0
1349793901.0
1349793902.0
1349794043.0
1349794384.0
1349797297.0
1349794432.0
1349794440.0
1349794568.0
1349794589.0
1349794775.0
1349794793.0
1349794847.0
1349794910.0
1349795085.0
1349795211.0
1349795232.0
1349796034.0
1349796053.0
1349796298.0
1349796490.0
1349796701.0
1349796825.0
1349796826.0
1349796970.0
1349797090.0
1349797139.0
1349797680.0
1349797953.0
1349797954.0
1349798382.0
1349798399.0
1349798419.0
1349798633.0
1349798634.0
1349798998.0
1349799278.0
1349799496.0
1349799710.0
1349799711.0
1349800052.0
1349800138.0
1349800211.0
1349800493.0
1349800667.0
1349800805.0
1349800862.0
1349800895.0
1349801064.0
1349801079.0
1349801107.0
1349801191.0
1349802335.0
1349801194.0
1349801294.0
1349801318.0
1349801506.0
1349801640.0
1349801716.0
1349802055.0
1349802207.0
1349802317.0
1349802321.0
1349802324.0
1349802328.0
1349802331.0
1350041603.0
1349802338.0
1349802342.0
1349802851.0
1349802939.0
1349803101.0
1349803102.0
1349803102.0
1349803102.0
1349803102.0
1349803391.0
1349804061.0
1349804128.0
1349804316.0
1349804686.0
1349806313.0
1349804699.0
1349804826.0
1349804940.0
1349805306.0
1349805501.0
1349805708.0
1349805777.0
1349805779.0
1349806145.0
1349806161.0
1349806244.0
1349806634.0
1349806634.0
1349806724.0
1349807510.0
1349807582.0
1349807644.0
1349807762.0
1349807833.0
1349808777.0
1349808912.0
1350041663.0
1349808925.0
1349809647.0
1349809647.0
1349809979.0
1349810421.0
1349810426.0
1349810426.0
1349810426.0
1349810459.0
1349810464.0
1349810464.0
1349810464.0
1349810655.0
1349810711.0
1349810981.0
1349813907.0
1349811009.0
1349811021.0
1349811139.0
1349811140.0
1349811222.0
1349811355.0
1349811401.0
1349811404.0
1349811624.0
1349811736.0
1349816482.0
1349811791.0
1349811995.0
1349811995.0
1349811995.0
1349811995.0
1349812105.0
1349812136.0
1349812281.0
1349812339.0
1349812379.0
1349812408.0
1349812489.0
1349812501.0
1349812520.0
1349812536.0
1349812548.0
1349812564.0
1349812580.0
1349812591.0
1349812605.0
1349812624.0
1349812630.0
1349812825.0
1349812889.0
1349816627.0
1349813020.0
1349813254.0
1349813269.0
1349813393.0
1349813421.0
1349813635.0
1349813817.0
1349813840.0
1349813879.0
1349813879.0
1349813899.0
1349813916.0
1349813931.0
1349814081.0
1349814084.0
1349814197.0
1349814197.0
1349814326.0
1349814336.0
1349814656.0
1349814688.0
1349816700.0
1349815461.0
1349815547.0
1349815579.0
1349815749.0
1349815764.0
1349815777.0
1349815804.0
1349815804.0
1349815961.0
1349816027.0
1349816084.0
1349816790.0
1349817022.0
1349817023.0
1349817061.0
1349817561.0
1349818328.0
1349818494.0
1349818588.0
1349818988.0
1349819034.0
1350041724.0
1349819216.0
1349819219.0
1349819315.0
1349819804.0
1349819889.0
1349819969.0
1349820104.0
1349821112.0
1349822931.0
1349831535.0
1349823002.0
1349823059.0
1349823350.0
1349823398.0
1349824225.0
1349826012.0
1349826061.0
1349826691.0
1349826733.0
1349827870.0
1349831609.0
1349827929.0
1349830769.0
1349830920.0
1349830920.0
1349830971.0
1349831117.0
1349831180.0
1349831184.0
1349831192.0
1349831280.0
1349831417.0
1349831618.0
1349831668.0
1349831748.0
1349832445.0
1349832749.0
1349833206.0
1349833810.0
1349833810.0
1349833993.0
1349834185.0
1349843122.0
1349843638.0
1349843691.0
1349843761.0
1349844412.0
1349844918.0
1349847422.0
1349848366.0
1349848529.0
1349848529.0
1349848919.0
1349849378.0
1349849593.0
1349850280.0
1349850473.0
1349851397.0
1349851471.0
1349851536.0
1349852002.0
1349852091.0
1349853442.0
1349853959.0
1349854352.0
1349854411.0
1349854529.0
1349854777.0
1349854957.0
1349855323.0
1349855375.0
1349855497.0
1349855685.0
1349855880.0
1349856006.0
1349954778.0
1349856674.0
1349856686.0
1349856686.0
1349856686.0
1349857919.0
1349857956.0
1349858399.0
1349858517.0
1349858920.0
1349858960.0
1349859605.0
1349994390.0
1349859614.0
1349859620.0
1349859620.0
1349859620.0
1349859798.0
1349859980.0
1349860273.0
1349860373.0
1349860380.0
1349860523.0
1349861853.0
1349860523.0
1349860523.0
1349860746.0
1349860830.0
1349860858.0
1349860954.0
1349860975.0
1349861313.0
1349861362.0
1349861827.0
1350041724.0
1349862642.0
1349863287.0
1349863575.0
1349863674.0
1349863675.0
1349863676.0
1349863676.0
1349863696.0
1349863697.0
1349863697.0
1349864203.0
1349864390.0
1349864400.0
1349864691.0
1350041724.0
1350041724.0
1349866045.0
1349866045.0
1349866045.0
1349866536.0
1349866597.0
1349867380.0
1349868920.0
1350041724.0
1349867587.0
1349867779.0
1349867943.0
1349868686.0
1349868686.0
1349868686.0
1349868709.0
1349868780.0
1349868870.0
1349869031.0
1349869061.0
1349869224.0
1349869841.0
1349869974.0
1349870562.0
1349870783.0
1349870840.0
1349870864.0
1349870916.0
1349870978.0
1349871017.0
1349871136.0
1349871407.0
1349871413.0
1349871666.0
1349871697.0
1349871713.0
1349871754.0
1349871775.0
1349872454.0
1349872454.0
1349872462.0
1349872768.0
1349872803.0
1349872835.0
1349872936.0
1349873081.0
1349873082.0
1349873082.0
1349873183.0
1349873325.0
1349873380.0
1349873466.0
1349873627.0
1349880676.0
1349873677.0
1349873698.0
1349873922.0
1349874094.0
1349874268.0
1349874309.0
1349874403.0
1349874569.0
1349874592.0
1349874741.0
1349874769.0
1349874783.0
1349874925.0
1349874927.0
1349875018.0
1349875089.0
1349875577.0
1349875658.0
1349875686.0
1349875789.0
1349875833.0
1349880677.0
1349875953.0
1349876063.0
1349876098.0
1349876127.0
1349876146.0
1349876417.0
1349876558.0
1349877019.0
1349877019.0
1349877137.0
1349880947.0
1349877155.0
1349877193.0
1349877229.0
1349877323.0
1349877505.0
1349877641.0
1349877698.0
1349878151.0
1349878151.0
1349878180.0
1349880948.0
1349878191.0
1349878222.0
1349878302.0
1349878504.0
1349878526.0
1349878785.0
1349879785.0
1349879852.0
1349879921.0
1349881177.0
1349881201.0
1349881203.0
1349881224.0
1349881288.0
1349881292.0
1349881791.0
1349881827.0
1349881874.0
1349881928.0
1349882955.0
1350041724.0
1349881945.0
1349881954.0
1349882129.0
1349882181.0
1349882220.0
1349882273.0
1349882286.0
1349882298.0
1349882490.0
1349882954.0
1349882955.0
1349882955.0
1349883193.0
1349883360.0
1349883681.0
1349883724.0
1349884063.0
1349884070.0
1349884070.0
1349884171.0
1349884531.0
1349884584.0
1349884646.0
1350049177.0
1349884670.0
1349884868.0
1349884881.0
1349884891.0
1349884903.0
1349884917.0
1349885130.0
1349885626.0
1349886626.0
1349886660.0
1349887037.0
1349887099.0
1349887109.0
1349887118.0
1349887128.0
1349887918.0
1349887947.0
1349888161.0
1349888228.0
1349888232.0
1349888232.0
1349888232.0
1349888283.0
1349888446.0
1349888555.0
1349888763.0
1349889103.0
1349889226.0
1349889290.0
1349889442.0
1349890086.0
1349890098.0
1349890187.0
1350054913.0
1349890198.0
1349890218.0
1349890234.0
1349890491.0
1349890896.0
1349891000.0
1349891045.0
1349891749.0
1349892127.0
1349895262.0
1349892527.0
1349892742.0
1349892772.0
1349892799.0
1349892978.0
1349893010.0
1349893052.0
1349893052.0
1349893052.0
1349893119.0
1349893641.0
1349893849.0
1349893942.0
1349893971.0
1349894014.0
1349894075.0
1349894115.0
1349894319.0
1349894347.0
1349894380.0
1349895508.0
1349894422.0
1349894439.0
1349894529.0
1349894643.0
1349894952.0
1349894953.0
1349895062.0
1349895089.0
1349895630.0
1349895772.0
1349895784.0
1349896002.0
1349896556.0
1349896699.0
1349896702.0
1349896748.0
1349896910.0
1349896923.0
1349897227.0
1349897423.0
1349897423.0
1349898174.0
1349898271.0
1349898868.0
1349900206.0
1349902410.0
1349900227.0
1349900461.0
1349900461.0
1349900461.0
1349900461.0
1349900461.0
1349900461.0
1349900461.0
1349914226.0
1349902411.0
1349902411.0
1349902411.0
1349902411.0
1349902411.0
1349902536.0
1349902928.0
1349903041.0
1349903043.0
1349903043.0
1349903076.0
1349903077.0
1349903077.0
1349916498.0
1350075962.0
1349903586.0
1349903897.0
1349904025.0
1349904391.0
1349904407.0
1349904437.0
1349904485.0
1349904513.0
1349905320.0
1349913576.0
1349913866.0
1349913878.0
1349914132.0
1349916596.0
1349920336.0
1349920336.0
1349920572.0
1349921337.0
1349921962.0
1349921984.0
1349922154.0
1349922195.0
1349922552.0
1350055049.0
1349923400.0
1349923433.0
1349923492.0
1349923513.0
1349923612.0
1349923821.0
1349924013.0
1349924373.0
1349924501.0
1349924541.0
1349924541.0
1349924541.0
1349925166.0
1349927896.0
1349928051.0
1349928607.0
1349928688.0
1349928688.0
1349930428.0
1349931637.0
1350055443.0
1349931650.0
1349931655.0
1349931678.0
1349931692.0
1349932547.0
1349932551.0
1349932564.0
1349933987.0
1349934994.0
1349935238.0
1349964503.0
1349935375.0
1349935597.0
1349935616.0
1349935656.0
1349935715.0
1349935716.0
1349935742.0
1349935863.0
1349935922.0
1349936007.0
1349936496.0
1349944056.0
1349936617.0
1349936709.0
1349936726.0
1349937121.0
1349937217.0
1349937232.0
1349937833.0
1349938024.0
1349938167.0
1349939454.0
1349940242.0
1349944331.0
1349940336.0
1349940351.0
1349940363.0
1349941065.0
1349941192.0
1349941490.0
1349942628.0
1349943136.0
1349943460.0
1349943683.0
1349944510.0
1349944525.0
1349944542.0
1349944561.0
1349944579.0
1349944629.0
1349944629.0
1349944669.0
1349944713.0
1349944733.0
1349970841.0
1349945402.0
1349945602.0
1349945774.0
1349945792.0
1349945850.0
1349945854.0
1349945857.0
1349945911.0
1350055852.0
1349945912.0
1349945931.0
1349945970.0
1349945977.0
1349946013.0
1349946300.0
1349946743.0
1349946755.0
1349947113.0
1349946807.0
1349946813.0
1349946831.0
1349946907.0
1349946944.0
1349946946.0
1349946957.0
1349947002.0
1349947048.0
1349947065.0
1349947077.0
1349947120.0
1349947139.0
1349947163.0
1349947203.0
1349947279.0
1349947280.0
1349947644.0
1349947681.0
1349947698.0
1349947708.0
1349952745.0
1349947767.0
1349947798.0
1349948466.0
1349948483.0
1349948483.0
1349948487.0
1349948531.0
1349948563.0
1349948575.0
1349948694.0
1349952745.0
1350056050.0
1349948707.0
1349948746.0
1349948750.0
1349948758.0
1349948782.0
1349948840.0
1349948847.0
1349948847.0
1349948852.0
1349949032.0
1349954723.0
1349949200.0
1349949246.0
1349949246.0
1349949491.0
1349949586.0
1349949989.0
1349950031.0
1349950177.0
1349950215.0
1349950262.0
1349950480.0
1349950503.0
1349950739.0
1349950793.0
1349952447.0
1349952486.0
1349952527.0
1349952581.0
1349952701.0
1349952703.0
1349952703.0
1349952744.0
1349952929.0
1349952955.0
1349952964.0
1349952971.0
1349952991.0
1349953112.0
1349953169.0
1349953258.0
1349953394.0
1349953468.0
1349954762.0
1349953567.0
1349953567.0
1349953722.0
1349953951.0
1349954000.0
1349954019.0
1349954045.0
1349954066.0
1349954517.0
1349954582.0
1349954616.0
1349954797.0
1349954809.0
1349954810.0
1349954865.0
1349955304.0
1349955640.0
1349955921.0
1349956076.0
1349956350.0
1349956459.0
1350056055.0
1349956555.0
1349956609.0
1349956610.0
1349956701.0
1349956706.0
1349956706.0
1349956706.0
1349956724.0
1349956750.0
1349956761.0
1349956768.0
1349956768.0
1349956768.0
1349956781.0
1349956820.0
1349956830.0
1349956834.0
1349956840.0
1349956840.0
1349956840.0
1349956969.0
1349957240.0
1349957270.0
1349957647.0
1350056055.0
1349957744.0
1349957774.0
1349957924.0
1349958025.0
1349958077.0
1349958079.0
1349958096.0
1349958098.0
1349958221.0
1349958226.0
1349958289.0
1349973670.0
1349958323.0
1349958363.0
1349958416.0
1349958424.0
1349958459.0
1349958980.0
1349959029.0
1349959127.0
1349959149.0
1349959227.0
1349959313.0
1349959351.0
1349959351.0
1349959351.0
1349959368.0
1349959368.0
1349959450.0
1349959568.0
1349959584.0
1349959661.0
1350056055.0
1349959718.0
1349959746.0
1349959782.0
1349959830.0
1349959903.0
1349960043.0
1349960076.0
1349960388.0
1349960473.0
1349961100.0
1349961182.0
1349961436.0
1349961483.0
1349962119.0
1349962175.0
1349962531.0
1349962552.0
1349962694.0
1349962734.0
1349962813.0
1349962849.0
1349962898.0
1350056055.0
1349963040.0
1349963056.0
1349963235.0
1349963602.0
1349964079.0
1349964218.0
1349964365.0
1349964444.0
1349964497.0
1349964503.0
1350058113.0
1349964506.0
1349964536.0
1349964760.0
1349964845.0
1349964873.0
1349965043.0
1349965245.0
1349965441.0
1349965511.0
1349965587.0
1349965659.0
1349965678.0
1349966239.0
1349966257.0
1349966405.0
1349967222.0
1349967364.0
1349967404.0
1349967407.0
1349967407.0
1349967407.0
1349967407.0
1349967416.0
1349967449.0
1349967478.0
1349967555.0
1349967823.0
1349967827.0
1349967877.0
1349967902.0
1349967906.0
1349968281.0
1349968283.0
1349968283.0
1349968335.0
1349968358.0
1349968365.0
1349968365.0
1349968365.0
1349968402.0
1349968561.0
1349969165.0
1349969427.0
1349969441.0
1349969512.0
1349969639.0
1349969674.0
1349969718.0
1349969866.0
1349969964.0
1349970286.0
1349970691.0
1349970702.0
1349970729.0
1349970806.0
1349970860.0
1349970881.0
1349971551.0
1349972151.0
1349972435.0
1349972539.0
1349972747.0
1349973392.0
1349973713.0
1349975060.0
1349975706.0
1349975706.0
1349975900.0
1349975900.0
1349976193.0
1349976234.0
1349976251.0
1349976251.0
1349977285.0
1349977487.0
1349977506.0
1349978031.0
1349978047.0
1349978188.0
1349978458.0
1349978828.0
1349978998.0
1349979056.0
1349979279.0
1349979874.0
1349980263.0
1349980553.0
1349980562.0
1349981021.0
1349981093.0
1349981324.0
1349981412.0
1349981640.0
1349982258.0
1349982671.0
1349983439.0
1349983685.0
1349983688.0
1349983688.0
1349983712.0
1349983714.0
1349983714.0
1349983755.0
1349983756.0
1349983756.0
1349983805.0
1349983806.0
1349983806.0
1349984552.0
1349985385.0
1349985416.0
1349986599.0
1349985445.0
1349985474.0
1349985483.0
1349985623.0
1349985625.0
1349985625.0
1349985779.0
1349986147.0
1349986167.0
1349986307.0
1349986407.0
1349986599.0
1349986599.0
1349986599.0
1349986778.0
1349986778.0
1349986778.0
1349986778.0
1349987063.0
1349987289.0
1349987528.0
1349987840.0
1349987944.0
1349993388.0
1349988596.0
1349990052.0
1349990151.0
1349990236.0
1349990916.0
1349991058.0
1349991087.0
1349991625.0
1349992141.0
1349992396.0
1349993053.0
1349994442.0
1349994659.0
1349994742.0
1349994824.0
1349994824.0
1349995253.0
1349995375.0
1349995593.0
1349995625.0
1349995638.0
1349995854.0
1349995950.0
1349996465.0
1349996708.0
1349996749.0
1349996796.0
1349997334.0
1349997586.0
1349998234.0
1349998234.0
1349998234.0
1349998234.0
1350055443.0
1349998234.0
1349998234.0
1350002503.0
1350002660.0
1350006895.0
1350007340.0
1350007718.0
1350007815.0
1350007988.0
1350009668.0
1350011866.0
1350012047.0
1350012535.0
1350012565.0
1350012598.0
1350018366.0
1350018563.0
1350018889.0
1350034196.0
1350019410.0
1350024639.0
1350024866.0
1350025154.0
1350025265.0
1350025299.0
1350025573.0
1350025624.0
1350027920.0
1350028303.0
1350028609.0
1350029306.0
1350029746.0
1350029976.0
1350030205.0
1350030712.0
1350030868.0
1350031202.0
1350031559.0
1350032102.0
1350034247.0
1350032423.0
1350032808.0
1350032882.0
1350032981.0
1350033466.0
1350033908.0
1350033953.0
1350033980.0
1350034042.0
1350034105.0
1350034257.0
1350034257.0
1350034269.0
1350034993.0
1350035215.0
1350035294.0
1350035672.0
1350036285.0
1350036417.0
1350036961.0
1350041603.0
1350037674.0
1350037808.0
1350038296.0
1350038603.0
1350038662.0
1350038824.0
1350038895.0
1350038940.0
1350038968.0
1350041603.0
1350041603.0
1350038993.0
1350039130.0
1350039566.0
1350040137.0
1350040484.0
1350041279.0
1350041395.0
1350041425.0
1350041463.0
1350041463.0
1350041463.0
1350041463.0
1350041463.0
1350041498.0
1350041603.0
1350041873.0
1350042387.0
1350042435.0
1350043123.0
1350043429.0
1350043497.0
1350043527.0
1350043641.0
1350043654.0
1350044382.0
1350044988.0
1350045292.0
1350045292.0
1350045573.0
1350045725.0
1350045783.0
1350045833.0
1350045840.0
1350046091.0
1350046131.0
1350046433.0
1350046533.0
1350046601.0
1350046685.0
1350046763.0
1350046961.0
1350047105.0
1350047142.0
1350047192.0
1350047228.0
1350047300.0
1350047353.0
1350047382.0
1350047538.0
1350048121.0
1350048141.0
1350048250.0
1350048848.0
1350048934.0
1350049163.0
1350049177.0
1350049177.0
1350049177.0
1350049817.0
1350049892.0
1350050080.0
1350050139.0
1350050334.0
1350050422.0
1350051447.0
1350051715.0
1350051715.0
1350051857.0
1350055487.0
1350051984.0
1350052823.0
1350052904.0
1350052913.0
1350053426.0
1350053485.0
1350053990.0
1350054281.0
1350054867.0
1350056239.0
1350056358.0
1350056815.0
1350056943.0
1350056967.0
1350057036.0
1350057164.0
1350057197.0
1350057357.0
1350057620.0
1350057714.0
1350057724.0
1350057774.0
1350058183.0
1350058201.0
1350058294.0
1350058329.0
1350058329.0
1350058336.0
1350058553.0
1350059845.0
1350060075.0
1350060359.0
1350060393.0
1350060798.0
1350060798.0
1350061040.0
1350061272.0
1350061727.0
1350061799.0
1350062076.0
1350064296.0
1350064296.0
1350064319.0
1350064319.0
1350064319.0
1350064817.0
1350064899.0
1350065143.0
1350065370.0
1350065664.0
1350066240.0
1350066273.0
1350071487.0
1350066280.0
1350066335.0
1350066748.0
1350067298.0
1350067463.0
1350067508.0
1350067532.0
1350067743.0
1350067743.0
1350067843.0
1350068161.0
1350068543.0
1350068944.0
1350069982.0
1350070246.0
1350070263.0
1350070555.0
1350070926.0
1350071065.0
1350074597.0
1350071514.0
1350071755.0
1350071927.0
1350072527.0
1350072884.0
1350073722.0
1350073853.0
1350073875.0
1350073881.0
1350074583.0
1350074585.0
1350074610.0
1350074623.0
1350074652.0
1350074816.0
1350074944.0
1350075398.0
1350075413.0
1350075426.0
1350075440.0
1350075601.0
1350075958.0
1350075962.0
1350075962.0
1350078193.0
1350078238.0
1350079155.0
1350079423.0
1350079569.0
1350079695.0
1350079818.0
1350080005.0
1350080269.0
1350080437.0
1350081044.0
1350081788.0
1350084288.0
1350085818.0
1350086058.0
1350086478.0
1350086543.0
1350086807.0
1350087029.0
1350087138.0
1350087187.0
1350087191.0
1350087925.0
1350087994.0
1350088084.0
1350088126.0
1350088195.0
1350090086.0
1350090181.0
1350093596.0
1350093648.0
1350094582.0
1350094943.0
1350095639.0
1350100650.0
1350101066.0
1350101606.0
